00000011
00001010
00000000
00000000
00000000
00000000
00000000
00000000

---
00000010
11110100
00000001
00000000
00000000
00000000
00000000
00000000

---
0000000100000000100000000000000000000000000000000000000000000000

---
0000000100000000100000000000000000000001000000000000000000000000
0000000100000000100000000000000000000010000000000000000000000000
0000000100000000100000000000000000000011000000000000000000000000
0000000100000000100000000000000000000100000000000000000000000000
0000001011110100000000010000000000000000000000000000000000000000
0000000110000000100000000000000000000000000000000000000000000000
0000000110000000100000000000000000000001000000000000000000000000
0000000110000000100000000000000000000010000000000000000000000000
0000000110000000100000000000000000000011000000000000000000000000
0000000110000000100000000000000000000100000000000000000000000000
